0,6,17,36,43,53,68,78,84,95,0,0,0,0,0
0,6,17,36,43,53,68,78,84,95,0,0,0,0,0
0,6,17,36,43,53,68,78,84,95,0,0,0,0,0
0,6,17,36,42,53,0,0,0,0,0,0,0,0,0
0,6,17,36,43,53,68,78,84,95,0,0,0,0,0
0,6,17,36,43,53,68,78,84,95,0,0,0,0,0
0,6,17,36,43,53,68,78,84,95,0,0,0,0,0
0,6,17,36,43,53,68,78,84,95,0,0,0,0,0
0,6,17,36,43,53,68,78,84,95,0,0,0,0,0
0,6,17,36,43,53,68,78,84,95,0,0,0,0,0
0,6,17,36,43,53,68,78,84,95,0,0,0,0,0
0,6,17,24,30,49,0,0,0,0,0,0,0,0,0
0,6,17,24,30,49,0,0,0,0,0,0,0,0,0
0,6,17,36,43,53,68,78,84,95,0,0,0,0,0
0,6,17,36,43,53,68,78,84,95,0,0,0,0,0
0,6,17,36,43,53,68,78,84,95,0,0,0,0,0
0,6,17,36,43,53,68,78,84,95,0,0,0,0,0
0,7,18,29,48,67,73,79,90,0,0,0,0,0,0
0,6,17,36,43,53,68,78,84,95,0,0,0,0,0
0,6,17,36,43,53,68,78,84,95,0,0,0,0,0
0,6,17,36,43,53,68,78,84,95,0,0,0,0,0
0,6,17,36,43,53,68,78,84,95,0,0,0,0,0
0,6,17,23,42,61,80,86,82,72,62,73,80,0,0
0,6,17,36,43,53,68,78,84,95,0,0,0,0,0
0,6,13,20,23,34,53,65,71,82,0,0,0,0,0
0,6,17,36,43,53,68,78,84,95,0,0,0,0,0
0,6,17,36,43,53,68,78,84,95,0,0,0,0,0
0,6,17,36,43,53,68,78,84,95,0,0,0,0,0
0,6,17,23,42,53,0,0,0,0,0,0,0,0,0
0,6,17,36,43,53,68,78,84,95,0,0,0,0,0
0,6,17,23,42,49,59,74,84,0,0,0,0,0,0
0,6,17,36,43,53,68,78,84,95,0,0,0,0,0
0,6,17,36,43,53,68,78,84,95,0,0,0,0,0
0,6,17,36,43,53,68,78,84,95,0,0,0,0,0
0,6,17,36,43,53,68,78,84,95,0,0,0,0,0
0,6,17,36,43,53,68,78,84,95,0,0,0,0,0
0,6,17,36,43,53,68,78,87,93,104,0,0,0,0
