0,6,17,23,42,49,59,74,0,0,0,0,0,0,0
0,6,9,20,39,50,69,75,86,0,0,0,0,0,0
0,6,17,23,42,49,59,74,0,0,0,0,0,0,0
0,6,17,23,42,49,59,74,0,0,0,0,0,0,0
0,6,17,23,42,53,65,68,64,54,0,0,0,0,0
0,6,17,23,30,49,60,69,0,0,0,0,0,0,0
0,3,9,20,39,50,56,67,63,53,64,54,0,0,0
0,6,17,23,42,49,59,74,0,0,0,0,0,0,0
0,6,9,20,39,50,69,75,86,0,0,0,0,0,0
0,6,17,23,42,49,59,74,0,0,0,0,0,0,0
0,6,17,23,42,49,59,74,0,0,0,0,0,0,0
0,6,17,24,31,38,57,68,64,54,50,61,68,0,0
0,6,9,20,27,33,52,63,0,0,0,0,0,0,0
0,6,9,20,26,45,56,68,0,0,0,0,0,0,0
0,6,17,23,30,49,60,69,0,0,0,0,0,0,0
0,6,17,23,42,49,59,74,0,0,0,0,0,0,0
0,6,17,23,42,49,59,74,0,0,0,0,0,0,0
